1962
1968
1969
1971
1983
1989
2034
2035
2032
2036
2042
2045
2047
2051
2058
2059
2060
2065
2081
2091
2108
2117
2119
2121
2133
2141
2155
2158
2157
2160
2161
2162
2163
2164
2165
2166
2168
2169
2170
2171
2174
2180
2181
2184
2194
2195
2204
2214
2224
2238
2240
2232
2244
2276
2276
2276
2276
2276
2276
2285
2291
2296
2301
2304
2312
2314
2318
2320
2351
2368
2370
2374
2379
2389
2383
2407
2413
2415
2426
2437
2450
2153
2238
2454
2416
2472
2249
2493
2501
2508
2526
2529
2531
2544
2556
2561
2563
2569
2571
2573
2574
2600
2605
2615
2620
2621
2622
2623
2630
2638
2658
2633
2686
2689
2691
2695
2696
2710
2720
2725
2727
2732
2737
2749
2757
2778
2783
2799
2800
2816
2821
2826
2832
2844
2846
2855
2859
2884
2891
2892
2897
2902
2903
2909
2924
2946
2947
2953
2961
2965
2968
2977
2985
2986
2991
2995
2998
3000
3001
3003
3016
3019
3056
3060
3070
3088
3092
3099
3116
3141
3156
3167
3174
3185
3906
3904
3905
3905
3905
4048
4059
4062
4063
4064
4065
4066
4067
4068
4069
4070
4071
4073
4074
4075
4076
4080
