1985
2037
2038
2039
2040
2041
2043
2054
2069
2088
2100
2109
2115
2128
2129
2140
2167
2172
2176
2200
2218
2223
2231
2230
2276
2279
2299
2323
2355
2371
2377
2387
2396
2416
2421
2433
2458
2463
2470
2481
2506
2507
2522
2536
2538
2545
2547
2232
2571
2574
2575
2590
2593
2595
2596
2597
2609
2606
2614
2627
2644
2660
2663
2684
2691
2701
2704
2705
2707
2707
2714
2718
2722
2728
2741
2743
2752
2759
2761
2765
2771
2780
2786
2786
2793
2803
2807
2808
2818
2823
2824
2826
2829
2836
2825
2846
2867
2862
2862
2887
2912
2914
2935
2948
2952
2954
2958
2959
2962
2967
2967
2972
2973
2984
2999
2972
3008
3013
2969
3023
3027
3031
3043
3053
3054
3057
3062
3063
3067
3073
3074
3081
3093
3094
3111
3115
3117
3120
3122
3125
3126
3132
3143
3143
3145
3160
3161
3162
3164
3164
3171
3172
3172
3175
3179
3180
3182
3183
3193
4048
4049
4060
4063
4065
4066
4068
4069
4070
4073
4074
4075
4076
4080
